Updater is running on port 8081
Connected to database!
1671044400000
1671375600000
1670698800000
1671289200000
1670958000000
1670684400000
1670612400000
1670598000000
1670353200000
1670338800000
1670266800000
1670252400000
1669921200000
1670180400000
1669820400000
1669820400000
1670094000000
1670166000000
1670079600000
1669921200000
1670007600000
1670007600000
1669993200000
1669993200000
1669906800000
1669906800000
1669284000000
1669734000000
1669834800000
1669834800000
1669748400000
1669456800000
1669143600000
1669748400000
1669734000000
1669132800000
1669662000000
1669629600000
1669564800000
1669651200000
1669640400000
1669305600000
1669575600000
1669543200000
1669554000000
1669489200000
1669478400000
1669402800000
1669392000000
1669467600000
1669381200000
1669294800000
1669370400000
1669316400000
1669230000000
1669208400000
1669197600000
1669219200000
1669122000000
1669111200000
1669057200000
1669046400000
1669035600000
1668960000000
1683910800000
1680541200000
1682096400000
1682856000000
1685368800000
1683565200000
1685793600000
1685890800000
1685890800000
1685466000000
1685376000000
1684692000000
1684170000000
1684072800000
1684065600000
1683460800000
1682870400000
1682863200000
1682265600000
1682251200000
1685890800000
1685793600000
1685793600000
1685448000000
1685448000000
1685120400000
1684774800000
1684684800000
1684677600000
1684670400000
1684670400000
1684080000000
1684065600000
1683468000000
1683475200000
1683460800000
1683390600000
1682960400000
1682856000000
1682355600000
1682701200000
1682258400000
1682251200000
1681750800000
1681653600000
1681660800000
1681491600000
1681646400000
1681646400000
1681230600000
1681142400000
1681135200000
1681128000000
1681128000000
1681048800000
1680451200000
1680444000000
1680436800000
1680436800000
1680282000000
1679234400000
1679234400000
1679234400000
1679234400000
1679234400000
1679234400000
1678730400000
1678640400000
1678021200000
1678633200000
1678626000000
1678626000000
1678471200000
1678125600000
1678021200000
1678037400000
1678028400000
1677866400000
1677430800000
1676811600000
1677520800000
1677423600000
1677416400000
1677416400000
1676916000000
1677261600000
1676826000000
1676818800000
1676811600000
1676656800000
1667746800000
1668366000000
1668351600000
1668358800000
1668344400000
1668344400000
1668265200000
1667844000000
1667142000000
1667754000000
1667739600000
1667739600000
1667584800000
1667149200000
1666976400000
1667239200000
1666533600000
1667134800000
1667052000000
1666630800000
1666540800000
1666526400000
1666447200000
1666371600000
1665921600000
1666026000000
1665936000000
1665921600000
1665928800000
1665766800000
1665331200000
1665421200000
1665324000000
1665316800000
1665248400000
1665162000000
1664816400000
1664726400000
1664719200000
1664712000000
1664712000000
1664557200000
1663509600000
1663516800000
1663502400000
1663502400000
1663347600000
1663002000000
1662912000000
1663426800000
1662897600000
1662904800000
1662307200000
1662897600000
1662829200000
1662397200000
1662300000000
1661792400000
1661695200000
1661688000000
1661688000000
1662292800000
1662292800000
1662138000000
1661702400000
1661090400000
1660928400000
1661187600000
1661097600000
1661533200000
1661083200000
1660582800000
1661004000000
1660485600000
1660478400000
1660330800000
1659880800000
1660492800000
1660323600000
1659978000000
1659888000000
1659796200000
1659722400000
1659715200000
1659373200000
1659283200000
1659276000000
1659268800000
1659268800000
1659114000000
1658768400000
1658509200000
1658163600000
1658066400000
1658073600000
1658059200000
1658059200000
1657904400000
1658678400000
1658671200000
1658664000000
1658664000000
1681930800000
1681844400000
1681844400000
1681930800000
1681326000000
1681326000000
1681239600000
1681239600000
1678910400000
1678910400000
1678305600000
1678219800000
1678219200000
1678824000000
1678824000000
1678306200000
1677096000000
1677096000000
1677009600000
1677009600000
1676491200000
1676491200000
1676404800000
1676404800000
1667419200000
1667419200000
1667419200000
1667419200000
1667419200000
1667419200000
1667411100000
1667411100000
1667324700000
1667324700000
1667332800000
1667332800000
1667332800000
1667332800000
1667332800000
1667332800000
1666810800000
1666810800000
1666810800000
1666810800000
1666810800000
1666810800000
1666724400000
1666802700000
1666802700000
1666716300000
1666724400000
1666724400000
1666724400000
1666724400000
1666724400000
1666716300000
1665601200000
1665601200000
1665601200000
1665601200000
1665601200000
1665601200000
1665514800000
1665514800000
1665514800000
1665593100000
1665593100000
1665514800000
1665514800000
1665514800000
1665506700000
1665506700000
1664996400000
1664996400000
1664996400000
1664996400000
1664996400000
1664996400000
1664988300000
1664988300000
1664910000000
1664910000000
1664910000000
1664910000000
1664910000000
1664910000000
1664901900000
1664901900000
1663182000000
1663182000000
1663182000000
1663182000000
1663182000000
1663182000000
1663182000000
1663173900000
1663173900000
1663095600000
1663095600000
1663095600000
1663095600000
1663095600000
1663087500000
1663087500000
1662577200000
1662577200000
1662577200000
1662577200000
1662577200000
1662577200000
1662569100000
1662569100000
1662490800000
1662490800000
1662490800000
1662490800000
1662490800000
1662490800000
1662482700000
1662482700000
1661367600000
1661367600000
1661367600000
1661281200000
1661281200000
1661281200000
1660676400000
1660762800000
1660754700000
1660762800000
1660676400000
1660676400000
1660064400000
1660069800000
1660069800000
1660070700000
1660068000000
1660067100000
1660068000000
1660064400000
1660064400000
1660060800000
1659462300000
1659459600000
1659552300000
1658937600000
1659546000000
1659466800000
1659465900000
1659542400000
1659542400000
1659549600000
1659463200000
1658849400000
1658948400000
1658946600000
1658941200000
1658941200000
1658941200000
1658862000000
1658862000000
1658856600000
1658854800000
1658854800000
1658340900000
1658340000000
1658340000000
1658336400000
1658332800000
1658252700000
1658257200000
1658252700000
1658256300000
1658246400000
1658246400000
1658246400000
1657731600000
1657731600000
1657648800000
1657648800000
1657737900000
1657737000000
1657735200000
1657731600000
1657654200000
1657652400000
1657645200000
1657641600000
1657641600000
1657639800000
1657641600000
1657132200000
1657131300000
1657130400000
1657128600000
1657123200000
1657123200000
1657116000000
1657046700000
1657040400000
1657044000000
1657044000000
1657044000000
1657043100000
1656099000000
1657045800000
1657036800000
1655839800000
1655816400000
Main server is running on port 8080
Connected to database!
